93 90 60 02 17 25 89 42 27 41 64 45 08 02 70 42 49 41 55 98
34 19 39 65 54 32 14 02 06 84 43 65 97 97 65 05 40 55 65 06
27 88 28 07 16 05 18 96 81 69 53 34 79 84 83 44 07 12 00 38
95 16 61 89 77 47 14 14 40 87 12 40 15 18 54 89 72 88 59 67
50 45 95 10 48 25 29 74 63 48 44 06 18 67 19 90 52 44 05 85
11 72 79 70 41 08 85 77 03 32 46 28 83 22 48 61 93 19 98 60
19 31 85 29 48 89 59 53 99 46 72 29 49 06 58 65 69 06 87 09
14 58 90 27 73 67 17 00 43 78 71 32 21 97 02 25 27 22 81 74
28 04 62 77 82 73 00 73 83 17 27 79 37 13 76 29 90 07 36 47
37 43 04 36 86 72 63 43 21 06 10 35 13 61 01 98 23 67 45 21
74 47 22 71 36 15 67 41 77 67 40 00 67 24 00 08 98 27 98 56
48 85 81 89 45 27 98 41 77 78 24 26 98 03 14 25 73 84 48 28
55 81 09 70 17 78 18 54 62 06 50 64 90 30 15 78 60 63 54 56
22 18 73 19 32 54 05 18 36 45 87 23 42 43 91 63 50 95 69 09
78 29 64 22 97 95 94 54 64 28 34 34 88 98 14 21 38 45 37 87
97 51 38 62 95 83 45 12 72 28 70 23 67 04 28 55 20 20 96 57
42 91 81 16 52 44 71 99 68 55 16 32 83 27 03 44 93 81 69 58
07 84 27 76 18 24 95 78 67 33 45 68 38 56 64 51 10 79 15 46
60 31 55 42 68 53 27 82 67 68 73 09 98 45 72 02 87 79 32 84
47 10 36 20 10 48 09 72 35 94 12 94 78 29 14 80 77 27 05 67
73 63 78 70 96 12 40 36 80 49 23 29 26 69 01 13 39 71 33 17
70 65 19 86 11 30 16 23 21 55 04 72 30 01 22 53 24 13 40 63
86 37 79 75 97 29 19 00 30 01 22 89 11 84 55 08 40 91 26 61
28 00 93 29 59 54 71 77 75 24 10 65 69 15 66 90 47 90 48 80
40 74 69 14 01 78 36 13 06 30 79 04 03 28 87 59 85 93 25 73